name: bio
channels:
  - conda-forge
  - defaults
dependencies:
  - backports=1.0=py_2
  - backports.weakref=1.0rc1=py36_1
  - cycler=0.10.0=py_1
  - dbus=1.13.0=h3a4f0e9_0
  - expat=2.2.5=hfc679d8_2
  - fontconfig=2.13.1=h65d0f4c_0
  - freetype=2.9.1=h6debe1e_4
  - gettext=0.19.8.1=h5e8e0c9_1
  - glib=2.56.2=h464dc38_0
  - gst-plugins-base=1.12.5=hde13a9d_0
  - gstreamer=1.12.5=h5856ed1_0
  - h5py=2.8.0=py36h7eb728f_3
  - hdf5=1.10.2=hc401514_2
  - icu=58.2=hfc679d8_0
  - jpeg=9c=h470a237_1
  - kiwisolver=1.0.1=py36h2d50403_2
  - libgfortran=3.0.0=1
  - libgpuarray=0.7.6=h470a237_3
  - libiconv=1.15=h470a237_3
  - libpng=1.6.35=ha92aebf_2
  - libtiff=4.0.9=he6b73bb_2
  - libuuid=2.32.1=h470a237_2
  - libxcb=1.13=h470a237_2
  - libxml2=2.9.8=h422b904_5
  - mako=1.0.7=py_1
  - markupsafe=1.0=py36h470a237_1
  - matplotlib=3.0.0=2
  - matplotlib-base=3.0.0=py36hc039c98_2
  - mock=2.0.0=py36_1000
  - olefile=0.46=py_0
  - pbr=4.2.0=py_0
  - pcre=8.41=hfc679d8_3
  - pillow=5.3.0=py36hc736899_0
  - pthread-stubs=0.4=h470a237_1
  - pygpu=0.7.6=py36h7eb728f_0
  - pyparsing=2.2.2=py_0
  - pyqt=5.6.0=py36h8210e8a_7
  - python-dateutil=2.7.3=py_0
  - pyyaml=3.13=py36h470a237_1
  - qt=5.6.2=hf70d934_9
  - sip=4.18.1=py36hfc679d8_0
  - theano=1.0.3=py36_0
  - tornado=5.1.1=py36h470a237_0
  - xorg-libxau=1.0.8=h470a237_6
  - xorg-libxdmcp=1.1.2=h470a237_7
  - yaml=0.1.7=h470a237_1
  - _tflow_select=2.1.0=gpu
  - absl-py=0.5.0=py36_0
  - astor=0.7.1=py36_0
  - blas=1.0=mkl
  - bleach=1.5.0=py36_0
  - ca-certificates=2018.03.07=0
  - certifi=2018.10.15=py36_0
  - cudatoolkit=9.2=0
  - cudnn=7.2.1=cuda9.2_0
  - cupti=9.2.148=0
  - cython=0.29=py36he6710b0_0
  - gast=0.2.0=py36_0
  - grpcio=1.12.1=py36hdbcaa40_0
  - html5lib=0.9999999=py36_0
  - intel-openmp=2019.0=118
  - keras-applications=1.0.6=py36_0
  - keras-base=2.2.4=py36_0
  - keras-preprocessing=1.0.5=py36_0
  - libedit=3.1.20170329=h6b74fdf_2
  - libffi=3.2.1=hd88cf55_4
  - libgcc-ng=8.2.0=hdf63c60_1
  - libgfortran-ng=7.3.0=hdf63c60_0
  - libprotobuf=3.6.0=hdbcaa40_0
  - libstdcxx-ng=8.2.0=hdf63c60_1
  - markdown=3.0.1=py36_0
  - mkl=2019.0=118
  - mkl_fft=1.0.6=py36h7dd41cf_0
  - mkl_random=1.0.1=py36h4414c95_1
  - ncurses=6.1=hf484d3e_0
  - numpy=1.15.2=py36h1d66e8a_1
  - numpy-base=1.15.2=py36h81de0dd_1
  - openssl=1.0.2p=h14c3975_0
  - pip=10.0.1=py36_0
  - protobuf=3.6.0=py36hf484d3e_0
  - python=3.6.6=h6e4f718_2
  - readline=7.0=h7b6447c_5
  - scipy=1.1.0=py36hfa4b5c9_1
  - setuptools=40.4.3=py36_0
  - six=1.11.0=py36_1
  - sqlite=3.25.2=h7b6447c_0
  - tensorboard=1.11.0=py36hf484d3e_0
  - tensorflow=1.11.0=gpu_py36h9c9050a_0
  - tensorflow-base=1.11.0=gpu_py36had579c0_0
  - tensorflow-gpu=1.11.0=h0d30ee6_0
  - termcolor=1.1.0=py36_1
  - tk=8.6.8=hbc83047_0
  - werkzeug=0.14.1=py36_0
  - wheel=0.32.1=py36_0
  - xz=5.2.4=h14c3975_4
  - zlib=1.2.11=ha838bed_2
  - pip:
    - blinker==1.4
    - configparser==3.5.0
    - groupy==0.1.1
    - keras==2.2.4
    - keras-gcnn==1.0
    - nibabel==2.3.1
    - niftynet==0.4.0
    - packaging==18.0
    - pandas==0.23.4
    - pytz==2018.5
prefix: /home/ttvinh/anaconda3/envs/bio

